136559745.64285713
-248885200.55555555
-134020369.37096775
150363296.44444445
297934990.65625
145901219.04761904
140343709.6491228
422831002.0588235
143482969.9661017
-357019.51666666666
-26660813.507936507
175533328.59375
86527076.84810127
-254228272.31944445
65505482.82692308
127048035.87301587
361853547.8965517
-423271610.4313725
131499168.08695652
-110019808.46
2241896.7083333335
53110049.21428572
138271683.01754385
35521339.291666664
-118273434.14285715
-60179155.88372093
246927402.6060606
766136.5714285715
-68342200.41772152
-165596222.3
-66947549.23611111
-257779107.5471698
187911260.14634147
136026058.75
16532468.533333333
-33130506.942857143
-8133392.555555556
42103582.12195122
665833097.36
-10288633.344827587
21278493.116666667
-65545002.733333334
-26474719.77142857
-328277733.9
85263122.52941176
68814800.34375
21072816.111111112
296349894.4237288
205709788.82608697
-182718134.22727272
60998217.323529415
-135696858.8723404
53578517.81632653
-28467900.529411763
377270215.0952381
181124570.44444445
105041095.7586207
142689418.6973684
-262214290.4516129
-300747594.0163934
6613767.637931035
-339367888.24242425
-78646583.6122449
83172628.08510639
-56928207.515151516
