11201,11235,11829,16602,13198,14515,15816,12277,16438
12521,12123,15647,17087,18953,18393,12139,15805,11434,11940,14685,10762,10306,19109,14315,12562,19517,12794,16786,10169,9846,13224,15173,11348.5,18332,10748,16263,16631,1207013163,18699,12041,10361,19428,11566,19064,12595,18936,17876,13514,18482,11687,16059,12801,19017,13227,15954,13481.0,11008,12575.5,14143,19580,15608,18356,10300,11737,19313,16036,15859,9933,12199,17712
12554,9980,13661,10755,13015,10652,12312,14024,14996,17054,15564,15943.0,16322,15552,1564815816,10620,10952,12554,16215,10022,10971,14052,15472,10465,10767,18154,19767,12313,10017,18048,15065.0,12082,14207,13464,19419,14845,17822,17723.5,17625,1369216022,14742,15368,17966,14919,10196,15971,15295,10870,10108,13078,19346,14887,16910,11499.5,18535,17451,13777,17105,17138,16180,14657,14229,16894,1333812343,19036,13031,15320,10497,19273,16312,11694,18592,10396.5,17391,12956,12915,15363,10665,10353,19667,15324,16793,11922
12985,14529,18596,18448,19786,14303,13604,17338,18122,16987,12476,14552,17142,13615,17924,13773,13929,14453
17277,10370,16294,17211,14701,18149,16655,19976,11329,15704,11030,13814,13879,18473,13345,15492,13831,11656,12701,17583
10427,12357,11142,17704,11326,15178,10983,18355,13586,19204,17675,17611,16764,10655,11375,1438717078,9865,14837,17265,17336,18127,13781,18692,10765,15607,16422,15411,13721,16470,11655,16478,10101.0,18097,19936,11520,14665,9841,14696,15111,15912,10427,13732,13394,14933,12374,10490,10644,15007,15897,12610,17590,15612,14900
19630,16171,15370,12132,14476,18487,11576,9839.0,17351,16905,14361,14352,16792,11884,19906
10656,11941,18565,10045,14186,15063,17840,15101,13484,14987,18117,14744.0,11371,12117,10079,11759,12055,1142719306,14167,11990,16701,18226,19417,15557,11926,15824,13491,12141,15341,10632,14256,18935,12838,13207,12377,11953.5,11530,12166,13367,10641,11641,15008,17193,12882,18112,10745,11215,14215,14338,10292,17361,14355,19705,19320,14876,14629
18028,19152,15672,19337,12060,15256,12885,12978,13566.5,14155,11569,10349,13720,15373,16267,18636,16218,10879,13968,18595,10787,18849,14253,11515,12228,18809,18279,17899,13768.5,15014,10271,13050
19853,19740,13553,14263,16424,18342,19267,12910,14169,17178,13005,17451,10046
12104,13995,18880,14058,18430,13963,11887,11696,18339,19877,18369,12023,10141,18034,18388,14102,12187,13790,15072,16441,19164,15750,17659.5,19569,12712,16821,13152.0,18205,18415,17725,16024
11354,11285,11183,11693,14141,12978,16413,14045,19184,11203,13711,19742,11985,12591,19483,15353,1065914136,19768,19582,13589,17522,16603,11087,10248,17582,14565,17021,14386,11558,18318,10042.0,17977,16675,14751,15302,9881,1917816446,11139,19968,14287,10177,11050,12177,12841.0,16207,10117,14899,12494,11384,15805,15047.5,14290,14803,13024,16902,15191,17168,10013,10631,17954,14700,10425,12604.5,14784,15054,10459,18494,15022.0,11550,19738,19278,17062,18986,12021,10269
18699,18735,10877,10724,10512,13495,11032,11369,12963.0,14557,16973,12952,12078,11468,13111,19181,18512,18312,16788,11668,13470.0,15272,10719,18332,11113,16260,16451,19920,11735,17680,11008,14480,14774,1848916200,18683,19457,10423,12650,10772,12132,10093,13224,11773,14394,10901,10435,14028,11905,10017,18809,17632,18945,10287,16725,19326,12556,15569,19920,11466,14944,19638,14803,11432,15732,12287,14482,17181,1441617349,15794,18115,17573,19255,15785,15257,18045,14890,19148,15682,12780.5,9879,11052,11379,14033,16905,16230.5,15556,14798
11851,15039,10105,10525,12880,18720,11572,1707416296,10430,17092,18288,19620,11026,17601,19894,17208,18942,10015.0,11653,11111,15162,12801.5,10441,19048,11597,19664,14852,14665,18614,17748,11411,13489,12505.5,11522,10441,16911,11411.5,16271,18588,10446,12201,15182.5,18164,16279,19810,15934,11432
18084,12146,15203,10204,15892,16380,18659,10231.5,13697,11650,14944,19094,14628,11504,13679,12223,13099,19396,16274,13397,18025,18046,13624,10886,11853,10719
11093,16588,16406,18241,16256,18809,13161.0,15392,16304.5,17217,17721,10262.0,12987,11902,15547,18077,16647,13406,10470,14192,17198,16384,12093,19276,15896,15702,12605,19865,103559864,17497,19043,19845,14591,17438,10135,11966.5,19013,13843,12318,16055,13087,19586,18776.5,17967,9882,18030,14441,17164,16939,13255,16839,1398617328,13446,18764,15984,19849,14316,11086
10685,10650,11532,17292,19712,19551,18468,17977.0,17486,17153,15179,10792.5,12727,12105,10608,11980.0,19578,11754,10267,16776,14991,11147,14782,14308,12198,15220.0,18242,14989,15337,13786.0,12235,12410,17437,15596
18506,14745,14389,11418,11930,10510,11879,18048,16705,17979,13372.5,19321,13372,14547,14920,13184,18752,10281,14362
11815,12160,10621,15424,18443,14753,10222,15446,15583,16205,10372,16884,19649,18455,15942,11827,19360,15176,1710618542,11395,15515,17308,19708,17510,9810,14866,12116,17513,12332,12475,17137,16310,10093,12259,12764,11992,16651,10010,14147,11789.5,13429,15549,17204,13254
19409,14143,11151,12360,15422.5,18485,14913,16386,17026,17792,19036,16753,11749,15134,12505,16225,12241,18078,13039,17371,11910,15431,1583716674,13821,12121,15241,11709,11405,15933,10544,14180,9896,13442.5,16989,19863,16437,19261,10699,18729,14344,15725,9961,19222,17689,14152.0,10615,9803,13631,13117,13676,13033,15464,12144
17789,11901,14905,18982,17608,13873,16696,16701,19143,16213,18115,14256,16218,10603,16999,13816,18421,13925,11840,17499,11053,14307,11892,17453,10083,10557,12002,17357,11456,14435,18281,16188,19409,15552,16221
19221,11352,14646,12308,16942,19954,18951,12148,15974,15901,11915,16728,18247,13112,15771,18748,11021,15160,15058.5,14957,16018.5,17080,9909,15950,17228,12916,17768,13180,19755,16391,17917,18813,18200,12508,10627.5,18028,15910,15502
12846,15454,15999,13472,14321,10364,11831.5,18642,19125,16838,19271,14959,19931,15097
19577,19451,18465,17858,17867,11666,12118,11713,10843,11895,11889.0,11883,9900.5,16050,14912,14190,11271
16267,19910,17606,15723,13743,17219,15025.5,12832,16802,15448,14696,10024,12282,13626,15826,14601,15213,10531,17142,9842,19473,14676,12330
10317,10608,18631,19539,16176,14615,10073,14390,16265,15448,13783,19761,1358212637,13542,12050,18332,15168.0,12004,17564,13246,19295,12432,11531,15406,16970,13372,15407,11361.5,17140,15250,14347,14969,17052,16475.5,15899,10066,14025.0,17984,15315,10360,19071,16856,17627,15019,13725,14968,15943,17920,14731,13728,16752
16175,11654,13515,18119,10887,11103,10540.5,19527,13571,19874,9825,12478,19862,13489,10239,12328,10353,15022,11097,13431.0,15765,12138,12382,16766,1645716380,13228,13274,14721,11790,14547.0,17304,11457,9927,12053,17338,11965,15507,15305,13763,16033,17509,12796,17018,19081,16416.0,13751,11747,15491,11733,13172.0,14611,15161,16883.5,18606,9929,11217,10834,17034,12573,14209.0,15845,19387,10687,11814,14424,19538
16345,16383,12478,15280,16807,19347,14086,19394,12843,14809,1046010494,17236,11653,15802,19618,15629,15687,10185,18609
19988,19340,18907,13960,18203,18948,16682,19529,10526,9886,10206.5,12824,16367,16866,14167.0,11468,12407,15325,10269,12885,14632,13501,13326,16191,16447,17007,12168
15455,13836,19504,19303,12393,11817,15414,16955,18476,19952,16824,14220,12334,11626.0,19007,15635,18969,1410913717,18289,10384,11242,15321,15271,12366,10349,16702,10726.5,16242,14620,10554.0,11298,11888,18436,12802.5,16368,9939,11302,10238,17790,10520,14009,14869,18554,14028,13439,11697,11566,18186,1384212038,18124,10071,15453,14813,19656,17955,17771,11388,17135,17481.5,17828,14559,15487,13949,17620,19793,11984,10368,12422
16086,16400,18451,18522,19098,15960,9953,19771,11786,13681.5,19607,19477,19061.0,18645,10018,19748,11386,19028,11338,10101,16303,13545,13195,10089,15535,18475,16616,16103